urdfPath	/home/matteoperotto/visual-hand-kin-inspector/res/modelNewHand.urdf
portPrefix	imageStreamer
inPortName 	RGB:i
outPortName	RGB:o
portName	/nfa/left_hand_mc

boardN 	4
boardDict	0
scaleF		1000

[board1]
bId 		1
mX		1
mY		5
mSize		0.0184	
mSep		0.002
mId		(0,1,2,3,4)
fixTrasl	(0.0544055, 0.0347086,-0.0590767)
fixRot		(-0.0593667,-0.998236,-0.0000001858,0.0000013928,-0.0000002689,1.00000,-0.998236,0.0593667,0.0000014063)

[board2]
bId		2
mX		1
mY		2
mSize		0.019		
mSep		0.002
mId		(5,6)
fixTrasl	(0.0618923,-0.0157914,-0.0595220)
fixRot		(-0.0593658, -0.0000001858, 0.998236, 0.0000013928, 1.00000, 0.0000002689, -0.998236, 0.0000014063, -0.0593658)

[board3]
bId 		3
mX		1
mY		5
mSize		0.0184		
mSep		0.002
mId		(7,8,9,10,11)
fixTrasl	(-56.8979,25.2086,-52.4573)
fixRot		(-0.0593696, 0.0000001858, -0.998236, 0.0000013928, -1.00000, -0.0000002689, -0.998236, -0.0000014063, 0.0593696)


[board4]
bId		4
mX		1
mY		2
mSize		0.019		
mSep		0.002
mId		(12,13)
fixTrasl	(-0.0494111,-0.0252914,-0.0529026)
fixRot		(-0.0593667, 0.998236, 0.0000001858, 0.0000013928, 0.0000002689, -1.00000, -0.998236, -0.0593667, -0.0000014063)

	




